function J = biology_jac(x)

J = [-0.4 0 50*x(4) 50*x(3) 0 0 0;...
    0.4 -1 0 0 0 0 0;
    0 1 -50*x(4) -50*x(3) 0 0 0;...
    0 0 -50*x(4) -50*x(3) 50*x(6) 50*x(5) 0;...
    0 0 50*x(4) 50*x(3) -50*x(6) -50*x(5) 0;...
    0 0 0 0 -50*x(6) -50*x(5) 0.5;...
    0 0 0 0 50*x(6) 50*x(5) -0.5;];